upc,walmart_itemId,brand,model,name,price,rating_avg,rating_count
194253563624,3635657547,Beats by Dr. Dre,Buds +,Beats Studio Buds + True Wireless Noise Cancelling Earbuds - Black/Gold,99.95,4.3,1085
195949704529,5689919121,Apple,MTJV3AM/A,"Apple AirPods Pro 2, Wireless Earbuds, Active Noise Cancellation, Hearing Aid Feature",199.0,4.6,26469
017817853460,6525919624,Bose,888507-0100,"Bose QuietComfort Earbuds, Wireless Noise Cancelling Earbuds, Black",179.0,4.3,1129
810045688169,1496314895,Skullcandy,S2DUYK-Q778,"Skullcandy Jib XT Wired Inner Ear Earbuds, 3.5mm Jack, Black",7.41,4.4,2387
887276811895,5020183343,Samsung,SM-R400NZAWXAR,"Samsung Galaxy Buds FE Bluetooth Earbuds with Charging Case, Graphite",99.0,4.5,3666
195949688522,11381374703,Apple,MXP63LL/A,Apple AirPods 4,119.0,4.3,10279
195949116711,5321127916,Beats by Dr. Dre,MUW03LL/A,"Beats by Dr. Dre Beats Solo Buds Bluetooth In-Ear Earbuds, Transparent Red",79.95,4.2,2428
195949689604,11384707978,Apple,MXP93LL/A,Apple AirPods 4 with Active Noise Cancellation,168.99,4.4,4098
198957214448,16732318812,Samsung,Buds3 FE,"Samsung Galaxy Buds3 FE Bluetooth Headphones and Charging Case, Black",149.99,4.6,26
812887017213,799981023,JLab,EBGAIRPOPRSLT124,"JLab Go Air Pop Bluetooth Earbuds, True Wireless with Charging Case",19.88,4.5,21622
810045688787,1546280223,Skullcandy,S2TAW-Q740,"Skullcandy Smokin' Buds XT True Wireless in-Ear Earbuds, Black",14.88,4.4,5628
744581919312,360113931,ETEPEHI,Q28,"Wireless Earbuds - 68Hrs Bluetooth 5.3 Headphone Sport, 2025 Bluetooth Earbuds Stereo Deep Bass Over Ear Bud with Earhooks, ENC Noise Cancelling Mic, IP8 Waterproof Earphone",19.79,4.7,258
810119072436,13233571436,JLab,POP ANC,"JLab GO Pop Active Noise Cancelling Bluetooth Earbuds, Charging Case, Fuchsia",24.99,4.4,1590
812887019699,988529517,JLab,EBGAIRSPRTRBLU124,"JLab Go Air Sport Bluetooth Earbuds, True Wireless with Charging Case",29.99,4.2,3728
744581919305,215499754,ETEPEHI,Q61,"ETEPEHI Wireless Earbuds: 48H Play Back Sport Bluetooth Headphones with LED Display Over-Ear Buds with Earhooks Built-in Mic Headset for Workout Sport, Black",19.59,4.8,215
744581919329,226361356,ETEPEHI,Q38,"ETEPEHI Wireless Earbuds - Bluetooth Headphones 5.3 Stereo over Ear Buds with Earhooks, ENC Noise Cancelling Mic, IP7 Waterproof Earphone for Workout/Running, Black",19.79,4.8,265
681131415309,416099849,Onn,VIPRB-36186459,"onn Wired Earphones with Mic-3.5mm jack, Black",5.27,4.3,2399
050036405041,15592822851,JBL,JBLVBEAM2BLKAM,JBL Vibe Beam 2 - True Wireless Noise Cancelling Earbuds - Black,39.95,4.3,78
810119071835,7639371267,JLab,Flex Open Earbuds,"JLab Flex Open Earbuds, Black, Open-Ear Clip Design, 21+ Hr Playtime, IPX4, Multipoint, Clear Calls, Fast Pair",42.49,4.3,711
717690714918,16121771376,Aptkdoe,SU8-black1,"Sleep Earbuds, Noise Cancelling Wireless Ear buds for Side Sleepers, Bluetooth 5.4 in Ear Light-Weight Mini Headphones, 47H Playtime Clear Calls Earphones for Sleeping, Exercising, Working, Hiking",21.99,4.7,102
681131414548,523104996,Onn,AAWHT100069415,"onn Bluetooth Wireless Earphones with Environmental Noise Canceling Microphones and Charging Case, White",16.43,4.2,3801
704505645376,16732023947,WeurGhy,W53,"Wireless Bluetooth Earbuds Noise Cancelling in Ear Buds Deep Bass Stereo, 50H Playtime with Mics, LED Display, IPX7 Waterproof Earphones for iphone Android Laptop, Black",16.99,5.0,13
050036404938,13895355965,JBL,JBLVFLEX2WHTAM,JBL Vibe Flex 2 - True Wireless Earbuds - White,74.95,4.1,308
810119070524,3487273157,JLab,EBJBMINIRBLK124,"JLab JBuds Mini True Wireless Earbuds, Black, Bluetooth Multipoint, Be Aware, IP55, 3 EQ Modes, Clear Calls",39.88,4.5,1699
841351180177,252575372,Tzumi,8017,"Probuds V2 – True Wireless Bluetooth Earbuds with Charging Case, Auto Pairing & Built-in Mic",19.98,4.4,1670
681131312332,860531889,Onn,AAABLK100024300,"onn Bluetooth Wireless Earphones w/Charging Case and Touch Controls, Black",17.88,4.0,2534
717690714802,16119221780,Aptkdoe,A90-black1,"Wireless Earbuds, Bluetooth 5.4 Headphones Bass Stereo, Ear Buds with Noise Cancelling Mic LED Display, 36H Playtime in Ear Earphones, IP7 Waterproof Sport Headset for Android iOS",18.99,4.7,438
810145323182,13958720934,Skullcandy,S2MTW-T794,"Skullcandy Method 360 ANC XT True Wireless in-Ear Earbuds, True Black",88.51,4.2,1427
810045688442,13825259413,Skullcandy,S2DCW-Q740,"Skullcandy Dime 3 XT True Wireless in-Ear Earbuds, True Black",29.84,4.3,178
852651007002,55509211,generic,E138,Stereo Earphones,1.0,3.4,1379
919462115934,689734331,Hoey,I25,"Wireless Earbuds, Bluetooth 5.3 Headphones Bass Stereo, Bluetooth Earbuds with Noise Cancelling Mic, IP7 Waterproof in Ear Earphones, 36H LED Display Ear Buds for Laptop Pad Phones Sports",18.89,4.4,3322
932113800003,1255341389,VEAT00L,VEAT00L T6,"VEAT00L Wireless Earbuds Bluetooth Headphone Sport, Bluetooth 5.4 Earbud, 72Hrs Earphone with Earhook, Noise Cancelling Mic, IP7 Waterproof Headset for Workout/Running",129.99,4.4,3820
797417134564,5555419256,Baseus,Baseus E20 earbuds,"Baseus True Wireless Earbuds 33H Playtime Bluetooth Ear Buds IPX5 Waterproof In-Ear Earphones with Mic, E20 Black",9.99,4.4,61
810145321973,13008011139,Skullcandy,Jib XT,"Skullcandy Jib XT In-ear Earbuds with Microphone, USBC, Black",7.41,4.4,76
050036395403,1597454551,JBL,JBL Tune Beam,"JBL Tune Beam, True wireless Noise Cancelling earbuds",58.95,4.3,1751
027242930339,10280316038,Sony,WF-C510/B,"Sony WF-C510 Truly Wireless Earbud Headphones, Black",68.0,4.4,203
732322653069,11695072440,Monster,MH22210,"Monster Open Ear Wireless Earbuds, Comfortable Clip-on Earbuds with Noise Cancellation, Touch Control & IPX5 Waterproof Headphones for Sport, White",29.88,3.9,674
841351195508,5464020432,Tzumi,PROBUDS Open Ear Earbuds,"Tzumi PROBUDS Open Ear Earbuds, In-Ear Headphone Type, with Charging Case, Black, 6 Count",19.88,4.3,65
810045689470,5262767217,Skullcandy,S2PPW-S759,"Skullcandy Push Play XT True Wireless Bluetooth In-Ear Earbuds with Charging Case, Black, S2PPW-S759",62.88,4.3,274
027242900479,479338409,Sony,MDREX14AP/B6,"Sony MDR-EX14AP Wired In-ear Earbud Headphones with Microphone, Black",12.95,4.3,1924
681131310383,789862597,Onn,578486176,"onn In-Ear Headphones, Blue",4.88,3.9,625
027242900486,962793502,Sony,MDREX14AP/W6,"Sony MDR-EX14AP Wired In-ear Earbud Headphones with Microphone, White",9.99,4.3,1922
050036391429,2943831756,JBL,JBLVBUDSWHTAM,JBL Vibe Buds - True wireless earbuds - White,54.95,4.1,738
810119071910,8032471540,JLab,Go Pop+,"JLab Go Pop+ True Wireless Earbuds, Black, Bluetooth, IPX4, Be Aware Mode, Customize Sound, Controls",19.99,4.6,4046
050036391351,5478609572,JBL,JBLVFLEXBEGAM,JBL Vibe Flex - True wireless earbuds - Beige,59.0,4.3,1288
762916124101,16932060190,Aptkdoe,X5S-black,"Open Ear Earbuds, Bluetooth 5.4 Wireless Earphones, 48H Playtime, ENC Microphone Clear Talk, with Earhooks And LED Power Display the Waterproof Headphones, Ideal for Fitness, Travel",19.99,4.7,85
761402885861,976661885,GoldSong,YZC21052101B,"Bluetooth Earbuds,Wireless Bluetooth Earphones, Wireless Earbuds with 2200MAH Charging Case and Emergency Power Bank for Adult",10.59,3.4,1313
717690714994,16136959475,Aptkdoe,G219-black1,"Aptkdoe Open Ear Earbuds, Bluetooth 5.4 Wireless Earbuds with Ear Hooks,70H HiFi Stereo Open Ear Headphones with Clear Calls, IPX7 Lightweight Air Conduction Headphones for Workouts and Running",19.95,4.7,228
717690714932,16177714360,Aptkdoe,J53-black1,"Wireless Earbuds, Bluetooth 5.4 Earphone Sport, ENC Noise Cancelling Mic, 40H Playtime IPX7 Waterproof Headphone with LED Display for iOS Android Cellphone",16.99,4.8,131
899731592232,806859415,Cshidworld,T8 MAX,"Cshidworld Wireless Earbuds, Bluetooth 5.0 Headphones IPX8 Waterproof, Hight-Fidelity Stereo Sound Quality, Built-in Mic LED Charging Case & 21 Hours Playtime, for phones Laptops Running Gym",28.99,4.2,3255
768510637924,6025361521,Tikland,S26,"Bluetooth Headphones True Wireless Earbuds 40H Long Playback, Stereo Deep Bass, LED Display, IPX7, Lightweight in Ear Earphone, Noise Cancelling Headphones with Mic for iPhone Android, Black",18.19,4.4,364
050036391290,3882753810,JBL,JBL Vibe Beam,"JBL Vibe Beam, True wireless earbuds",34.95,4.1,738
704505645369,16759852152,WeurGhy,W70-White,"Wireless Earbuds Bluetooth Noise Cancelling Ear Buds for iPhone Android Sports Workout, 38H Playtime, Microphone Deep Bass Stereo, LED Display, Waterproof in Ear Earphone, White",19.99,4.8,102
810119071965,7853470073,JLab,Go Sport+,"JLab Go Sport+ Wireless Workout Earbuds, 35 Hr Playtime, Secure Earhook, Custom Sound & Controls, Graphite",29.88,4.2,1632
810045687636,566764353,Skullcandy,S2DBW-Q740,"Skullcandy Dime XT 2 IPX4 Sweat and Water-Resistant Wireless In-Ear Earbuds, Black",29.4,4.0,2009
810119073013,13556562477,JLab,EBGOPODSRBLK124,JLab GO Pods ANC True Wireless Earbuds - Black; Stem-Design earbuds with incredible ANC,29.97,4.5,72
195949591006,15013823649,Beats by Dr. Dre,MX743LL/A,Beats Powerbeats Pro 2 - High-Performance Earbuds - Electric Orange,199.95,4.3,444
717690714772,16090269718,Aptkdoe,S29-black,"Sleep Ear Buds, Bluetooth 5.4 Ultra-Mini Sleep Earbuds for Side Sleepers, Hi-Fi Stereo 3D Bass Noise Cancelling Wireless headphones, 53H Playtime with IP7 Waterproof LED Earphones, USB C",21.99,4.8,180
810145320389,5529647109,Skullcandy,S2DTW-S794,Skullcandy Dime Evo XT True Wireless in-Ear Earbuds,49.0,4.5,169
050036401227,7210470835,JBL,JBLLIVEBEAM3SILAM,JBL Live Beam 3 - True wireless noise-cancelling earbuds with stick-closed design and Smart Charging Case - Silver,229.95,4.3,156
732322653489,16408168792,Monster,MH22229,"Monster Wireless Earbuds， Bluetooth 6.0 Stereo Headphones with Noise-Cancelling Mic and LED Display, Built-in Mic for Clear Calls, Waterproof Design for Sports",36.99,4.8,32
810119072221,8180712822,JLab,JBuds Sport ANC 4,"JLab JBuds Sport ANC 4 True Wireless Earbuds, Teal, Hybrid ANC, Touch Controls, Multipoint, App Customization",69.99,4.3,715
732322653083,11742970193,Monster,MH22185,"Monster Bluetooth Wireless Headphones Bone Conduction Ear Clip Bluetooth 5.4 Earphone Multi Mic AI noise Cancelling Wireless Earbuds, White",29.89,4.0,387
050036405867,13881303070,JBL,JBLTBEAM2WHTAM,JBL Tune Beam 2 - True Wireless Noise Cancelling Inner Ear Earbuds - White,109.95,4.3,120
194346005222,3922639115,Onn,AABLU100130685,"onn Wireless Open-Ear Earphones with Environmental Noise Canceling Microphones, Black",39.88,4.4,702
812887019194,760558141,JLab,EBGOAIRRBLK82,JLab Audio Go Air True Wireless Earbuds + Charging Case,29.88,4.0,3476
732322652857,11947857995,Monster,AC210,"Monster Open Ear Headphones, Bluetooth 5.4 Earphones Stereo Sound, Wireless Headphones 30 Hours Playback, Type-C Charging, Clear Calls, Waterproof Open Ear Earbuds,Black",29.89,4.1,286
749379557134,16411907199,Atilioo,EJ-Blue,"Atilioo Wireless Earbuds V5.3 Bluetooth Headphones with Deep Bass Stereo Power Display, 40H Playback with Charging Case, IP7 Waterproof in-Ear Earphones with Mic for TV Sport, Android iOS, Blue",9.29,4.3,16
017817846929,5212491621,Bose,881046-0010,"Bose Ultra Open Earbuds, Open Ear Wireless Earbuds, Black",299.0,4.3,3949
190199801561,696881930,Beats by Dr. Dre,MYMC2LL/A,Beats Flex – All-Day Wireless Earphones – Beats Black,39.95,4.2,4685
194252484296,232379973,Beats by Dr. Dre,VIPRB-MK2F3LL/A,Beats Fit Pro - Noise Cancelling Wireless Earbuds- Black,159.95,4.2,1609
810119072115,6782951216,JLab,7572 W,"JLab Go Tones+ True Wireless Earbuds, Bluetooth, 35+ Hr Playtime, Customize Controls & EQ, 7572W",19.88,4.4,520
887276880938,6626601034,Samsung,SM-R530NZAWXAR,Samsung Galaxy Buds3 Wireless In Ear Earbuds with Charging Case,159.0,3.8,2339
810111500067,245894733,Packed Party,PKTW200BW,"Packed Party Built-in Microphone True Wireless In-Ear Earbuds, Spot On, PKTW200BW",18.92,4.2,1170
194644186333,5463760608,Soundcore,A3959,"Soundcore P30i by Anker Noise Cancelling Earbuds, Strong and Smart Noise Cancelling, Powerful Bass, 45H Playtime, 2-in-1 Case and Phone Stand, IP54, Wireless Earbuds, Bluetooth 5.4",29.99,4.4,164
810045685328,588131663,Skullcandy,S1JTW-N740,"Skullcandy Jib True XT 2 True Wireless Earbud Headphones, Black",32.88,4.2,1438
050036384674,200744179,JBL,JBLENDURACEBLKAM,JBL Endurance Race TWS - Waterproof true wireless active sport earbuds - Black,89.95,4.0,368
887276911069,8470119448,Samsung,SM-R630NZAMXAR,Samsung Galaxy Buds3 Pro Bluetooth Earbuds with Charging Case,199.0,4.4,12760
194644186340,5411424299,Soundcore,A3955Z11,"Soundcore P40i by Anker, Noise Cancelling Wireless Earbuds, Black",59.99,4.5,82
050036397001,1395248337,JBL,JBLTFLEXBLKAM,JBL Tune Flex - True wireless Noise Cancelling earbuds - Black,59.95,3.5,235
810092678663,5991548736,Shokz,T511-ST-BK-US,Shokz OpenFit Air Black Open-Ear True Wireless Earbuds,119.0,4.3,1645
810045687056,938592087,Skullcandy,S2FYW-Q740,"Skullcandy Mod XT True Wireless Inner Ear Earbuds, True Black",49.88,4.3,713
194644197100,6191706609,Soundcore,C30i,"Soundcore C30 by Anker, Open-Ear Earbuds, Clip-On Headphones, Lightweight Comfort, Small-Ear Friendly, Stable Fit, Firm-Shell Design, Attachable Ear Grips, Big Drivers for Clear Audio, 30H Pl, Black",39.99,4.3,37
681131312356,117122633,Onn,AAABLK100024301,"onn Wireless Earphones with Wireless Charging Case, Black",24.88,4.4,874
797417134090,5199349625,Baseus,Baseus WM01 earbud,"Baseus Over-Ear Cordless Earphone with Microphone for iPhone, Android, USB, Laptop, Computer",9.99,3.7,217
681131415989,387672079,Onn,AAWHT100094160,"onn Bluetooth Wireless Earphones with Active Noise Canceling and Wireless Charging Case, White",44.23,4.2,333
717690714819,16142608224,Aptkdoe,U9-black1,"Touch Screen Wireless Earbuds, Bluetooth 5.4 Ear Buds with Multifunctional with ENC Noise Cancelling MicClear Calls Earphones, 48H Bass Stereo Headphones, IP7 Waterproof Headphones for Workout",24.99,4.8,236
681131415347,616108422,Onn,Wireless Earphones,"onn Wireless Earphones, Bluetooth Black",11.83,4.4,1073
786443223779,6466573627,Cshidworld,LX-10,"Cshidworld Wireless Earbuds, Smart Touch Screen Headphone with ANC, Wireless Earphone for iPhone Android TWS Earbuds, Sports Workout Gym Running In Ear Headphones",18.99,4.1,124
810045689456,5705464982,Skullcandy,S2SAW-S759,Skullcandy Sesh ANC Active XT True Wireless In-Ear Earbuds,65.9,4.4,93
050036396882,3156130951,JBL,JBL Tour Pro 2,"JBL Tour Pro 2, True wireless Noise Cancelling earbuds",249.95,4.4,156
732322652819,8757101953,Monster,Open Free AC100,"Monster Open Ear Headphones, Bluetooth 5.3 Wireless Headphones with Earhooks, Immersive Stereo Sound by Dual Large Driver, Clear Talk, 30H Playtime,Waterproof Sport Earbuds for Running",31.99,4.4,524
193575007977,620970985,Google,GA02213-US,Google Pixel Buds A-Series - Truly Wireless Earbuds - Audio Headphones with Bluetooth - White,97.0,4.3,1669
017817847643,1301579584,Bose,Ultra Earbuds,"Bose QuietComfort Ultra Earbuds, Wireless Noise Cancelling Earbuds, White Smoke",299.0,4.3,3937
050036405614,14049872096,JBL,JBLTFLEX2BLKAM,"JBL Tune Flex 2 True Wireless Inner Ear Earbuds, Black",109.95,4.0,66
613464869696,396408492,AUKEY,EP-T21P,AUKEY True Wireless Stereo Earbuds Headphones with USB C Charging Case In-Ear,9.99,3.8,10
755630717605,250922125,SUGIFT,Y60,SUGIFT Mini Wireless Earbuds Bluetooth 5.1 With microphone,8.09,4.4,81
934489814516,216722344,TOZO,A1,"TOZO A1 Wireless Earbuds,Bluetooth 5.3 In-Ear Headphones with Stereo Bass Boost,32H Playtime,Dual ENC Mics,32-EQ App Control,IPX5 Waterproof,Lightweight,Compatible with iPhone Samsung Android,Black",19.99,4.5,1933
617513201642,2033608648,RedSkyPower,7659940042,"Redskypower 7659940042 In-Ear Earbuds, 10 Pack",9.99,3.8,66
194346005420,5146603148,Onn,,onn Earphones with USB-C Connector,9.88,4.3,367
810119072382,5684917727,JLab,EBEPICSPT3RBLK82,"JLab Epic Sport 3 Active Noise Cancelling Earbuds, True Wireless, Black, Earhook, 52+ Hr Playtime, Dual Drivers, IP66",99.99,4.2,541
654323738821,389823490,WEILAILIFE,WE-Bluetooth-Earbuds-02,"WEILAILIFE Waterproof True Wireless Earbuds 24 Hours Playtime with Type C Charging Case and Cable, in-Ear Stereo Earphones Headset",8.99,3.2,43
850017291911,482222548,Packed Party,PKTW224PD,"Packed Party Wireless In Ear Earbuds with Charging Case, Mad for Plaid",24.14,4.5,309
050036395571,1503451256,JBL,JBL,JBLTBUDSWHTAM True Wirless Noise Cancelling Earbuds,62.99,3.9,229
630130414653,5349761591,Findtime,Mini-SK18black,"Invisible Mini Earbuds Wireless Bluetooth, Low Profile Micro Smallest Tiny Discreet Hidden Earbuds for Work, Small Headphones, Invisible Sleep Wireless Earphone IPX5 Waterproof for Small Ear Canals",20.99,4.4,25
190199702288,869400130,Beats by Dr. Dre,MY5D2LL/A,Powerbeats Pro Totally Wireless Earphones with Apple H1 Headphone Chip - Ivory,199.95,4.3,1992
356146176049,13741924816,Samsung,Samsung Galaxy Buds3 Pro,Samsung Galaxy Buds3 Pro | In-Ear Noise Cancelling True Wireless Earbuds (Brand New – Latin American Version),123.52,4.3,113
810146460411,10226552460,iJoy,DS_WP_TWS,Disney Winnie the Pooh Wireless Earbuds with Charging Case,24.99,4.4,71
786443223748,6462860390,Cshidworld,LX-10,"Cshidworld Wireless Earbuds ANC with Smart Touch Screen, Active Noise Cancelling Bluetooth Earbuds Earphones for iPhone Android TWS Earbuds, Sports Gym Running In Ear Headphones, White",18.99,4.0,139
810119070333,5096916364,JLab,Pro,"JLab JBuds Pro Wired In-Ear Earbuds, Black",15.98,4.2,81
050036396790,2462884580,JBL,JBL Tune Buds Ghost Edition,"JBL Tune Buds Ghost Edition Noise Cancelling Wireless In-Ear Earbuds, White Ghost",99.99,3.6,162
765477092780,13465756022,HOPEPOW,,"Wireless Earbuds,Bluetooth Earbuds with Smart Touch Screen,HopePow Bluetooth 5.4 Headphones,80hrs Sandby Time True Bluetooth Wireless Earbuds Noise Cancel for iPhone,Android,Sports Workout Gym,Black",16.19,4.3,22
799668973978,334289127,SUGIFT,ACGH,SUGIFT True Wireless Earbuds Bluetooth Headphones with Charging Case (US Version),9.89,4.0,315
786443199753,620484875,Cshidworld,"VIPRB-Wireless Earbuds Bluetooth 5.0 Headphones, Black","Cshidworld Wireless Earbuds Bluetooth 5.0 Headphones IPX7 Waterproof TWS Deep Bass Stereo Noise Cancelling Headset,W/ 140H Playtime USB-C Charging Case LED Battery Display for Sport Android/iOS",12.74,4.1,1678
046838068751,30655582,JVC,HA-F160-A,"JVC In-Ear Headphones, Blue, HAF160A",9.95,3.4,51
919462115941,687572998,Hoey,I21,"Wireless Earbuds,Bluetooth 5.1 Wireless Headphones Sports Bluetooth Earphones in Ear Noise Cancelling Earbuds with Mic Deep Bass Sport Earhooks IP7 Waterproof,40H Playtime Headset for Running Sports",19.99,4.6,2763
878615098503,619187400,Skullcandy,S2DUW-K003,"Skullcandy Jib XT Bluetooth Wireless in-Ear Earbuds, Black",16.99,4.1,912
046838068768,34870730,JVC,HAF160B,JVC HAF160B Gumy Ear Bud Headphone Black,7.15,4.3,123
810045688428,1424816694,Skullcandy,S2IPW-R740,"Skullcandy Rail ANC XT True Wireless Noise Cancelling Inner Ear Earbuds, True Black",65.0,4.4,250
810119070319,5260272666,JLab,Go Air Pop,"Fruity Pebbles x JLab GO Air POP Bluetooth 5.1 In-Ear Earbuds with Charging Case, Multicolor",17.99,4.6,3764
630130415582,5860855082,Findtime,Y9black,Mini Small Bluetooth Earbuds Invisible Wireless for Small Ear Canals Low Profile Smallest Sleep Micro Discreet Hidden Earbuds Small Ears Mini Invisible Small Ear Buds Headphones,19.99,3.9,28
194644126155,3598346661,Soundcore,A3949Z11,"soundcore P25i Bluetooth True Wireless Earbuds, Big Bass, 30H Playtime, IPX5, with Charging Case, Black",19.99,4.4,164
768477015919,1564221325,Tikland,X15-Black,Wireless Earbuds Bluetooth V5.3 Headphones 60H Playback Deep Bass Stereo Ear Buds with LED Power Display Charging Case IPX7 Waterproof Earphones with Mic Headset for Laptop Pad Android/iOS Phones,15.99,4.2,406
878376002702,101892760,JLab,JBUDSPRO-COBALT,JLab JBuds Pro Signature Earbuds,10.25,4.6,772
850017291379,482493465,Packed Party,PKTW200RB,"Packed Party ""More Color More Fun"" Bluetooth Wireless Earbuds with Built-In Microphone + Charging Case, IPX5 Water Resistant",20.95,4.7,739
810119073068,13555770934,JLab,EBJBPODSRBLK124,JLab JBuds Pods ANC True Wireless Earbuds - Black,49.99,4.5,39
840244604554,13496353332,Google,Buds Pro 2,Google - Pixel Buds Pro 2 - Wireless Earbuds with Active Noise Cancellation – Bluetooth Headphones - Hazel,229.0,4.6,103
750864806743,17187153544,xinwld,,"Wireless Earbuds, Bluetooth 5.4 Headphones Sport with 4 ENC Noise Cancelling Mic, 3D Stereo in Ear buds, 50H Wireless Earphones with Earhooks USB-C, IP7 Waterproof Bluetooth Earbuds for Running Gym",19.99,5.0,67
681131414241,233758219,Onn,100074853,"onn 5-Pack Wired Earbuds, Multicolor",24.93,4.5,287
050036388085,761457594,JBL,JBLLIVEPRO2TWSUAM,"JBL Live Pro 2 TWS - True wireless Noise Cancelling earbuds - Immersive sound at work, at rest, and at play with all-day comfort. - Blue",169.95,4.2,337
762916126549,17036609770,Aptkdoe,C16,"Wireless Earbuds, Bluetooth 5.4 Headphones Sports, 50H Playback Over-Ear buds with ENC Noise Cancelling Mic, Deep Bass Fitness Earphones Gym Running Workout with Earhooks, IP7 Waterproof Headset",23.99,4.9,60
885170113244,44298019,Panasonic,RP-HJE125-A,Panasonic RP-HJE125-A HJE125 ErgoFit In-Ear Earbuds (Blue),9.99,4.3,51
885170002401,16621359,Panasonic,RP-HJE120-D,"Panasonic ErgoFit Earphones, Neodymium Drivers, RP-HJE120 (Orange), RP-HJE120-D",8.99,4.4,115
810091272466,5321047165,Sennheiser,MTW4BLKGRA,"Sennheiser MOMENTUM True Wireless 4 Smart Earbuds with Bluetooth 5.4, Crystal-Clear Sound, Comfortable Design, 30-Hour Battery Life, Adaptive ANC, LE Audio and Auracast - Black Graphite",245.99,4.2,116
761402188153,2083270412,GoldSong,YZC22112201SL,GoldSong Bluetooth 5.3 Wireless Earbuds with Charging Case IPX7 Waterproof Stereo Headphones in Ear for Phones Premium Sound with Deep Bass for Sport,15.98,3.8,166
758332762683,1976230449,MOREFYOU,127EJ,"Elleryy Casual Listening Ear-Clip Bluetooth Bone Conduction Earbuds, Black",11.48,3.6,28
737876932486,12509317934,Samsung,Samsung Galaxy Buds3,Samsung Galaxy Buds3 In-Ear Noise Cancelling True Wireless Earbuds | Brand New ( International Version ),116.58,4.1,48
789458544679,2267521780,Findtime,G700white,Ear Clip Bone Conduction Headphones Clip On Open Ear Earbuds Headset Bone Conduction Earbuds Head Set Cycling Bluetooth Bone Conducting Headphones Induction Earphones,18.88,2.7,75
193575032283,631198878,Google,GA03201-US,Google Pixel Buds Pro - Wireless Earbuds with Active Noise Cancellation - Bluetooth Earbuds - Charcoal,199.99,4.4,569
027242868625,36461197,Sony,MDREX15LP/W,"Sony Fashion Earbud Headphones, MDREX15LP/W",4.5,3.7,282
630130414516,5224127765,Findtime,MINI12black,"Findtime CM219 Real Bone Conduction True Wireless Bluetooth In-Ear Earbuds, Black",26.99,3.4,23
772411297477,706671751,KZ,Earphone,"KZ EDX Pro Wired In-Ear Earbuds, Clear",12.99,4.4,37
194644039165,8922602673,Soundcore,K20i,"Soundcore K20i by Anker, Semi-in-Ear Earbuds, Bluetooth Wireless, Black, New",19.99,4.3,23
762916127355,17203951779,Aptkdoe,D20-Black,"Sleep Earbuds, Mini ANC Wireless Earbuds, In Ear Bluetooth 5.4 Headphones Deep Bass Stereo, 48H Playtime Ear Buds with 4 Noise Cancelling Mic, IP7 Waterproof Earphones for Side Sleepers,Touch Control",22.99,4.7,39
789458544617,2236218547,Findtime,JX80black,Wireless Ear Clip Bone Conduction Headphones Headset Clip On Open Ear Earbuds Bone Conduction Earbuds Head Set Workout Cycling Running Work Headphones Bone Conducting Induction Earphones,23.99,2.9,85
681131413725,248390097,Onn,AABLK100043845,"onn Wireless Earphones with Adaptive Noise Canceling and Charging Case, Black",44.23,4.2,441
717690715014,16242555945,Aptkdoe,L8-black1,"Sleep Earbuds Bluetooth 5.4 in Ear Smart Touch Screen Headphones, 48H Noise Cancelling Ear Buds with 5 EQ Modes, Mini Wireless Headphones Small Design for Side Sleepers, Clear Calls Earphones, IPX7",25.99,4.8,142
194644126124,2694691959,Soundcore,A3947,Soundcore Liberty 4 NC True-Wireless Noise Cancelling Earbuds,56.99,4.1,85
810045688770,3752378948,Skullcandy,S2TAW-R740,"Skullcandy Smokin’ Buds Bluetooth Earbuds with Microphone, True Wireless with Charging Case, True Black, S2TAW-R740",18.49,4.2,143
755526709202,1270122336,Jingyang,Y113,"Wireless Earbuds for iPhone Android Phones Kids Earbuds for School,White",11.99,4.9,118
